height:480.000000
width:640.000000
